50.0
59.183673469387756
68.36734693877551
77.55102040816327
86.73469387755102
95.91836734693878
105.10204081632654
114.28571428571429
123.46938775510205
132.65306122448982
141.83673469387756
151.0204081632653
160.20408163265307
169.38775510204084
178.57142857142858
187.75510204081633
196.9387755102041
206.12244897959187
215.3061224489796
224.48979591836735
233.67346938775512
242.8571428571429
252.04081632653063
261.2244897959184
270.40816326530614
279.5918367346939
288.7755102040817
297.9591836734694
307.14285714285717
316.32653061224494
325.51020408163265
334.6938775510204
343.8775510204082
353.06122448979596
362.24489795918373
371.42857142857144
380.6122448979592
389.795918367347
398.9795918367347
408.16326530612247
417.34693877551024
426.530612244898
435.7142857142858
444.8979591836735
454.08163265306126
463.26530612244903
472.44897959183675
481.6326530612245
490.8163265306123
500.0
