4.584383934053655
4.289458875203799
3.9727406691849025
3.7399975161456203
3.5144927558676393
3.3514548919418354
3.257160452355822
3.064373260874467
2.943026813930751
2.906563557822379
2.7534334574632076
2.742953913473917
2.658361787077697
2.547414909284347
2.5406234870941637
2.4183132938581875
2.3445576134867645
2.308558721243738
2.2528284457345547
2.257809243692551
2.2084590881045085
2.174229096079952
2.090128501547177
2.014806665809498
1.9694438255084838
2.000242639540357
1.9689175072702296
1.9127350136597971
1.8356661929537872
1.8932391019302415
1.8515811249461802
1.7485165886585663
1.7754915108388956
1.765819092992838
1.6834085777074088
1.6728746912496926
1.6298778014919255
1.6642208223182744
1.6050450647865488
1.6284894485649963
1.5456105575783206
1.5817409494941033
1.522954009034555
1.5165271212009568
1.541690939157006
1.4305537478665198
1.4467968926819499
1.4397093611097356
1.4752670034708528
1.407914626326068
